11 1.68 105 0
12 0.66 105 1
13 0.69 106 1
14 0.68 106 1
15 0.66 106 0
11 5.76 111 0
12 0.74 111 1
13 1.54 113 1
14 0.84 113 1
15 0.74 113 0
101 2.43 106 0
102 8.33 110 0
103 0.73 110 1
104 0.71 110 1
105 0.70 110 1
101 3.43 106 0
102 10.29 115 0
103 4.99 116 1
104 1.58 116 1
105 1.55 116 1
501 0.80 101 1
502 0.79 102 1
503 0.70 102 1
504 2.20 106 0
505 0.67 106 1
501 5.85 111 1
502 5.62 114 1
503 6.78 116 1
504 4.44 118 0
505 0.75 118 1
1001 0.88 102 1
1002 0.81 103 1
1003 0.99 104 1
1004 0.68 104 0
1005 0.73 105 1
1001 6.87 111 1
1002 3.40 113 1
1003 6.16 115 1
1004 0.76 115 0
1005 4.01 116 1
11 2.59 106 1
12 1.08 107 1
13 0.77 107 0
14 0.75 107 0
15 0.76 107 0
11 47.18 120 1
12 9.51 121 1
13 2.83 121 0
14 3.75 121 0
15 2.69 121 0
101 5.94 108 0
102 0.77 108 1
103 3.26 109 1
104 0.78 109 1
105 0.77 109 1
101 10.58 110 0
102 15.17 113 1
103 14.38 115 1
104 2.73 116 1
105 2.69 117 1
501 24.02 112 0
502 0.75 112 1
503 0.77 112 0
504 0.77 112 1
505 1.10 112 1
501 15.80 114 0
502 10.24 116 1
503 4.60 116 0
504 2.85 117 1
505 12.79 119 1
1001 1.75 104 1
1002 1.87 107 1
1003 0.76 107 0
1004 0.71 107 1
1005 0.75 108 0
1001 12.90 110 1
1002 11.32 117 1
1003 2.80 117 0
1004 3.25 117 1
1005 2.75 118 0
11 8.62 528 0
12 2.07 324 1
13 6.88 1081 1
14 5.50 866 1
15 5.09 759 1
11 39.88 588 0
12 4.40 358 1
13 19.87 1195 1
14 19.30 965 1
15 18.62 848 1
101 6.07 829 1
102 5.92 840 1
103 10.29 1602 1
104 5.64 857 1
105 2.27 323 1
101 25.98 902 1
102 16.60 935 1
103 19.47 1775 1
104 18.53 950 1
105 14.40 358 1
501 5.74 432 0
502 6.53 656 1
503 6.63 441 0
504 4.23 663 0
505 5.35 885 0
501 15.23 449 0
502 28.43 715 1
503 18.23 484 0
504 18.41 730 0
505 8.08 975 0
1001 9.47 1055 1
1002 9.78 978 0
1003 5.57 886 0
1004 2.71 443 1
1005 4.90 777 0
1001 50.08 1153 1
1002 39.34 1084 0
1003 13.36 731 1
1004 3.77 488 1
1005 19.38 789 0
11 6.35 816 0
12 5.97 735 0
13 4.55 639 1
14 9.01 1298 1
15 5.06 762 1
11 40.11 910 0
12 51.33 846 0
13 20.44 736 1
14 54.04 1356 1
15 13.29 865 1
101 1.49 201 1
102 10.59 859 1
103 11.29 764 0
104 3.31 446 0
105 5.25 782 0
101 3.94 212 1
102 33.90 941 1
103 34.54 840 0
104 19.54 487 0
105 17.90 854 0
501 5.26 527 1
502 5.16 752 1
503 2.85 432 1
504 3.07 434 0
505 21.73 793 0
501 28.83 570 1
502 19.57 836 1
503 9.73 485 1
504 16.77 488 0
505 62.85 869 0
1001 7.22 937 1
1002 7.48 437 0
1003 2.66 331 0
1004 6.35 887 1
1005 4.34 667 0
1001 38.85 1025 1
1002 35.79 483 0
1003 27.14 338 0
1004 43.41 920 1
1005 14.36 695 0
11 14.81 526 0
12 3.30 322 1
13 11.00 1074 1
14 8.80 860 1
15 8.12 753 1
